1 0.646914 0.558203 0.016738 0.035495
1 0.665171 0.558711 0.016729 0.032448
1 0.291328 0.587109 0.028145 0.046641
1 0.414131 0.586602 0.036582 0.039557
1 0.468550 0.582546 0.049443 0.045638
1 0.366626 0.583561 0.061611 0.063893
1 0.497832 0.578997 0.041074 0.052734
1 0.567051 0.568346 0.041074 0.049687
1 0.705859 0.556178 0.025098 0.033477
1 0.333926 0.586094 0.050957 0.066927
1 0.255581 0.575449 0.023584 0.029414
1 0.732480 0.552630 0.025098 0.036510
1 0.526357 0.574531 0.023574 0.054766
1 0.613828 0.563281 0.023574 0.037526
