1 0.153228 0.252781 0.010791 0.019927
1 0.163701 0.242343 0.011426 0.019927
1 0.182744 0.245190 0.012695 0.025620
1 0.159893 0.331066 0.045703 0.053139
1 0.247490 0.444460 0.048242 0.055985
1 0.221465 0.446358 0.022852 0.037007
1 0.461089 0.507562 0.072998 0.085401
1 0.532183 0.501394 0.065381 0.139489
1 0.253521 0.285993 0.028564 0.033212
1 0.287480 0.305445 0.020312 0.024672
1 0.361113 0.245664 0.016504 0.020876
1 0.407769 0.261796 0.028564 0.030365
1 0.386821 0.245664 0.019678 0.024672
1 0.368730 0.259423 0.019043 0.021825
1 0.355083 0.298803 0.020947 0.022774
1 0.515361 0.350518 0.041895 0.042701
1 0.576616 0.286467 0.032373 0.024672
1 0.601372 0.252307 0.031104 0.036058
1 0.616924 0.339606 0.036816 0.072117
1 0.770854 0.337708 0.039990 0.077810
1 0.830840 0.339131 0.058398 0.073066
1 0.700713 0.273182 0.034277 0.028467
1 0.714043 0.262270 0.038086 0.037007
1 0.753398 0.259423 0.040625 0.050292
1 0.780981 0.261796 0.015928 0.028467
1 0.806401 0.273657 0.024756 0.040803
1 0.831128 0.248036 0.023545 0.031314
1 0.013706 0.257715 0.023486 0.019927
1 0.040874 0.257526 0.019678 0.021825
1 0.058013 0.251358 0.013330 0.026569
1 0.076104 0.250883 0.017773 0.014234
1 0.069121 0.270810 0.027930 0.025620
1 0.083721 0.283146 0.021582 0.025620
1 0.143071 0.269861 0.017139 0.031314
