1 0.510879 0.176303 0.053281 0.083031
1 0.611719 0.360307 0.050820 0.069839
1 0.964346 0.603184 0.042832 0.093982
1 0.894341 0.620417 0.113896 0.097116
1 0.883369 0.686208 0.045977 0.072064
1 0.811274 0.613367 0.098213 0.098682
1 0.887031 0.830329 0.134785 0.228712
1 0.759033 0.842079 0.227773 0.277277
1 0.651411 0.697174 0.215244 0.209927
1 0.546929 0.415198 0.073135 0.081464
1 0.474307 0.350190 0.107617 0.101816
1 0.314966 0.335307 0.154639 0.156647
1 0.398032 0.285183 0.053291 0.078331
1 0.546924 0.265600 0.045977 0.064231
1 0.911333 0.528558 0.078350 0.114275
1 0.381318 0.105029 0.044922 0.075183
1 0.427290 0.180227 0.067920 0.109649
1 0.647183 0.447606 0.053994 0.085725
1 0.690063 0.431735 0.048701 0.104758
1 0.673120 0.342050 0.038115 0.084129
1 0.738765 0.373799 0.055049 0.071435
1 0.804404 0.523799 0.061406 0.088887
1 0.741943 0.468236 0.050820 0.095242
1 0.307134 0.689341 0.253896 0.294495
1 0.669419 0.596808 0.075166 0.098419
1 0.155630 0.355673 0.097178 0.093982
1 0.061592 0.321991 0.063730 0.092416
1 0.163467 0.495095 0.254941 0.156662
1 0.130034 0.591435 0.154639 0.202079
1 0.466475 0.886728 0.277930 0.197379
1 0.206826 0.154378 0.153594 0.139414
1 0.328555 0.190403 0.054336 0.104963
1 0.089277 0.217035 0.058516 0.073631
