1 0.274648 0.899597 0.144961 0.108184
1 0.051396 0.855161 0.096641 0.110117
1 0.109062 0.886552 0.116621 0.136208
1 0.052041 0.769187 0.043809 0.067628
1 0.083286 0.758075 0.026416 0.049268
1 0.116470 0.785608 0.087627 0.061816
1 0.182192 0.813141 0.077314 0.101420
1 0.269175 0.810249 0.092783 0.084041
1 0.317495 0.765329 0.061846 0.071479
1 0.345200 0.848880 0.096650 0.114949
1 0.396099 0.780776 0.094072 0.073411
1 0.438945 0.770154 0.056055 0.079224
1 0.341011 0.710256 0.032861 0.040571
1 0.424448 0.690944 0.021904 0.030908
1 0.490811 0.720886 0.055410 0.052167
1 0.504668 0.738763 0.056055 0.049268
1 0.543970 0.797204 0.124346 0.096603
1 0.591006 0.900564 0.121777 0.115915
1 0.574570 0.733931 0.056699 0.049268
1 0.595190 0.717504 0.032217 0.037672
1 0.634497 0.703016 0.038662 0.026091
1 0.622578 0.754209 0.061211 0.041537
1 0.671221 0.733448 0.060566 0.061830
1 0.707944 0.823287 0.135303 0.133309
1 0.794282 0.795271 0.068291 0.069546
1 0.737588 0.754217 0.064434 0.062782
1 0.831006 0.731999 0.048965 0.041537
1 0.876758 0.759048 0.063145 0.097570
1 0.916704 0.727167 0.033506 0.062796
1 0.532373 0.675490 0.016113 0.021259
1 0.583594 0.668726 0.010312 0.017394
1 0.600669 0.673075 0.013525 0.020293
1 0.767222 0.673558 0.016748 0.021259
1 0.821338 0.680300 0.018867 0.031552
1 0.838281 0.680139 0.021172 0.026984
1 0.963740 0.735571 0.047012 0.060952
1 0.976450 0.717474 0.039385 0.062855
