1 0.686660 0.617374 0.041309 0.055130
1 0.887485 0.614315 0.058682 0.085754
1 0.774736 0.661282 0.049473 0.061248
1 0.896113 0.768475 0.128867 0.108215
1 0.715996 0.830754 0.109180 0.081681
1 0.626309 0.769497 0.060977 0.069428
1 0.556128 0.834835 0.077080 0.089844
1 0.527363 0.700078 0.047168 0.040849
1 0.617686 0.659237 0.036816 0.049012
1 0.654497 0.662305 0.032217 0.046967
1 0.718354 0.637799 0.047178 0.042877
1 0.420937 0.736828 0.039121 0.049012
1 0.349604 0.775624 0.080537 0.061265
1 0.315664 0.867504 0.120801 0.089844
1 0.134453 0.949185 0.126562 0.081664
1 0.779277 0.597990 0.072363 0.044922
1 0.912222 0.544896 0.046025 0.048995
1 0.125767 0.838925 0.079502 0.073518
1 0.038379 0.901205 0.060977 0.079636
