1 0.276436 0.628099 0.125625 0.262083
1 0.428662 0.634010 0.169961 0.266016
1 0.548369 0.629089 0.167012 0.256172
1 0.777446 0.596569 0.107881 0.254206
1 0.924561 0.638939 0.150879 0.201003
1 0.058442 0.599531 0.115283 0.208880
1 0.937056 0.362077 0.078330 0.096549
1 0.158203 0.608398 0.125625 0.250260
1 0.459697 0.456667 0.093105 0.124141
1 0.545410 0.359121 0.057637 0.110352
1 0.471519 0.373900 0.099014 0.084727
1 0.459692 0.332520 0.087197 0.080794
1 0.322251 0.385723 0.113799 0.104440
1 0.905283 0.424147 0.130059 0.126107
1 0.071001 0.427103 0.104932 0.080794
1 0.037754 0.394590 0.053203 0.082773
1 0.305991 0.497064 0.155186 0.157643
