1 0.368467 0.684935 0.008066 0.026527
1 0.509321 0.723631 0.017607 0.034640
1 0.486763 0.726340 0.020908 0.034640
1 0.430459 0.709020 0.018340 0.057378
1 0.389741 0.718761 0.034482 0.057378
1 0.463569 0.741340 0.020029 0.086715
1 0.520991 0.767947 0.044072 0.080793
1 0.535015 0.815238 0.048076 0.116268
1 0.581763 0.790598 0.048076 0.106412
1 0.627832 0.831988 0.081465 0.126110
1 0.689937 0.843804 0.077451 0.126110
1 0.792100 0.854647 0.134883 0.218718
1 0.907622 0.835922 0.096162 0.114294
1 0.402578 0.680339 0.005137 0.025980
1 0.410098 0.677089 0.011367 0.034640
1 0.464937 0.668156 0.011006 0.020029
1 0.473193 0.687104 0.013574 0.022190
1 0.394326 0.670324 0.007695 0.026527
1 0.359663 0.681412 0.011006 0.038963
1 0.378369 0.691700 0.011738 0.020576
