1 0.185273 0.588398 0.104727 0.108333
1 0.722412 0.313958 0.045137 0.060182
1 0.933657 0.565521 0.102920 0.125182
1 0.606865 0.577565 0.110137 0.125182
1 0.083262 0.529414 0.106523 0.105911
1 0.491309 0.599232 0.081250 0.130000
1 0.865947 0.560710 0.061387 0.120378
1 0.759341 0.297109 0.054346 0.065000
1 0.261919 0.440345 0.088643 0.110742
1 0.314370 0.619694 0.066807 0.132409
1 0.755723 0.381361 0.065176 0.084258
1 0.450596 0.431914 0.097676 0.098698
1 0.801768 0.448770 0.085039 0.098711
1 0.880303 0.387376 0.068789 0.105924
1 0.932666 0.437936 0.065176 0.101107
1 0.951621 0.502936 0.092266 0.105924
1 0.759424 0.569134 0.130000 0.117956
