1 0.891392 0.916199 0.027998 0.066667
1 0.556772 0.812390 0.040713 0.060950
1 0.599390 0.810482 0.031807 0.049532
1 0.628022 0.853333 0.030537 0.051433
1 0.863398 0.905716 0.027988 0.064766
1 0.846860 0.815241 0.027998 0.043816
1 0.935923 0.816192 0.030537 0.057149
1 0.919380 0.890482 0.033076 0.076199
1 0.864038 0.804766 0.029268 0.064766
1 0.468345 0.839050 0.049619 0.064766
1 0.424448 0.872390 0.045811 0.059050
1 0.510967 0.878099 0.053438 0.059035
1 0.440352 0.760958 0.036895 0.049518
1 0.566313 0.906674 0.064893 0.062851
1 0.397095 0.750475 0.029268 0.059050
1 0.264136 0.917142 0.063623 0.087617
1 0.368467 0.770482 0.033086 0.053333
1 0.324570 0.745716 0.026719 0.053333
1 0.385645 0.902865 0.054707 0.066667
1 0.324570 0.940958 0.054707 0.078085
1 0.052930 0.828575 0.043262 0.089518
1 0.109551 0.812390 0.059805 0.072383
1 0.114004 0.841908 0.043262 0.070482
1 0.211973 0.832383 0.033086 0.066667
