1 0.774092 0.591220 0.180957 0.302026
1 0.077339 0.516212 0.142295 0.114274
1 0.106499 0.649545 0.193604 0.285726
1 0.188716 0.466683 0.043154 0.072376
1 0.286104 0.458110 0.125957 0.089522
1 0.259277 0.586691 0.130625 0.251435
1 0.420459 0.434697 0.024297 0.039697
1 0.453193 0.446818 0.033066 0.063939
1 0.421772 0.565869 0.153955 0.227081
1 0.529429 0.419266 0.041240 0.050718
1 0.534824 0.573030 0.189727 0.285486
1 0.567896 0.453429 0.041240 0.077161
1 0.637759 0.440758 0.047314 0.080463
1 0.659692 0.542169 0.101982 0.179681
1 0.721787 0.456188 0.038535 0.069442
1 0.697148 0.424777 0.039219 0.050702
1 0.772739 0.457839 0.050010 0.066140
1 0.680308 0.356986 0.020244 0.029761
1 0.715068 0.364705 0.018223 0.034163
1 0.799097 0.370758 0.043193 0.048501
1 0.868281 0.340447 0.016875 0.025359
1 0.886504 0.341555 0.014180 0.036380
1 0.907764 0.348716 0.018906 0.041898
1 0.923291 0.331635 0.013496 0.031978
1 0.959062 0.331627 0.012148 0.029761
1 0.857480 0.419817 0.030371 0.054019
1 0.884482 0.432496 0.042520 0.052903
1 0.916538 0.397217 0.032393 0.033062
1 0.926665 0.418158 0.041846 0.046300
1 0.902666 0.566970 0.139785 0.253525
1 0.976606 0.568070 0.041846 0.229282
1 0.989429 0.338804 0.017549 0.059522
