1 0.979897 0.221882 0.040205 0.114674
1 0.482935 0.198333 0.142822 0.129010
1 0.572012 0.046797 0.084473 0.071667
1 0.574312 0.092878 0.076787 0.077812
1 0.647266 0.093900 0.087539 0.108529
1 0.652637 0.152253 0.199648 0.122865
1 0.631909 0.307878 0.105967 0.155625
1 0.539761 0.313001 0.072178 0.137201
1 0.444541 0.468626 0.339414 0.264154
1 0.484473 0.614017 0.446914 0.235482
1 0.434556 0.741999 0.350166 0.212956
1 0.370820 0.873053 0.542129 0.225247
1 0.879937 0.031081 0.073721 0.062161
1 0.799307 0.074440 0.210410 0.090104
1 0.797002 0.149186 0.073711 0.088060
1 0.852290 0.140996 0.076787 0.092148
1 0.926777 0.154303 0.075254 0.118763
1 0.747856 0.250540 0.101357 0.147435
1 0.840010 0.257708 0.104434 0.145391
1 0.929077 0.284336 0.098291 0.129010
1 0.664927 0.434837 0.135146 0.147435
1 0.830020 0.780905 0.247266 0.315352
1 0.882236 0.619134 0.142832 0.159727
1 0.847681 0.471699 0.144365 0.159727
1 0.852290 0.376484 0.095225 0.116719
1 0.770894 0.389792 0.107510 0.143333
1 0.343950 0.076491 0.110576 0.086003
1 0.401538 0.197311 0.081396 0.086003
1 0.340107 0.275117 0.136680 0.139245
1 0.390786 0.333477 0.228838 0.174062
1 0.462202 0.064199 0.076787 0.102383
1 0.440698 0.125638 0.205791 0.081901
1 0.056787 0.834147 0.113574 0.225247
1 0.069038 0.187070 0.086006 0.090104
1 0.060596 0.350879 0.099824 0.131055
1 0.030679 0.434837 0.061357 0.163815
1 0.177314 0.345762 0.195039 0.137201
1 0.182690 0.444056 0.261084 0.133112
1 0.138184 0.541322 0.276367 0.180195
1 0.135112 0.706165 0.270225 0.260065
1 0.211104 0.157376 0.204258 0.128997
1 0.241050 0.112331 0.193506 0.100339
1 0.032983 0.044388 0.065967 0.088776
1 0.059824 0.122565 0.073711 0.075755
1 0.094380 0.234167 0.182764 0.126953
