1 0.872759 0.614880 0.058096 0.099160
1 0.275635 0.788400 0.124180 0.208480
1 0.698071 0.819670 0.085498 0.162620
1 0.064927 0.534060 0.061084 0.091720
1 0.138560 0.514810 0.029932 0.057700
1 0.253003 0.540060 0.033447 0.052280
1 0.317710 0.543210 0.042256 0.065820
1 0.296143 0.641930 0.058105 0.135220
1 0.404863 0.629300 0.073945 0.100960
1 0.422026 0.549970 0.027295 0.064900
1 0.492896 0.612630 0.061631 0.078420
1 0.633525 0.556740 0.031250 0.060400
1 0.671602 0.562140 0.036094 0.065800
1 0.668960 0.632910 0.043135 0.111780
1 0.726846 0.587380 0.031250 0.065800
1 0.789346 0.552670 0.032129 0.059500
1 0.811577 0.609020 0.054580 0.101880
1 0.863076 0.558090 0.040488 0.059500
1 0.911714 0.553120 0.037412 0.064000
1 0.971797 0.581970 0.035215 0.067620
