1 0.316641 0.954694 0.025879 0.032986
1 0.326646 0.839778 0.028623 0.039791
1 0.077441 0.984537 0.032148 0.026701
1 0.107241 0.895013 0.038428 0.025645
1 0.153911 0.871714 0.028232 0.028279
1 0.153711 0.939772 0.041172 0.031408
1 0.166260 0.981408 0.030977 0.037184
1 0.245864 0.862034 0.033330 0.034029
1 0.299976 0.925639 0.033330 0.029322
1 0.286255 0.836904 0.033330 0.036128
1 0.531729 0.858892 0.030195 0.035072
1 0.552710 0.863338 0.032158 0.034550
1 0.551533 0.898155 0.029805 0.032973
1 0.585454 0.837164 0.023135 0.029322
1 0.586626 0.933748 0.021572 0.037171
1 0.601328 0.942392 0.025879 0.029322
1 0.614072 0.957314 0.030195 0.036115
1 0.722891 0.807581 0.036074 0.029844
1 0.655449 0.883501 0.036074 0.029844
1 0.776416 0.855228 0.030977 0.034029
1 0.854844 0.830359 0.025488 0.036649
1 0.885039 0.839778 0.022344 0.028266
1 0.913472 0.859935 0.033721 0.031943
1 0.980718 0.866486 0.023135 0.030365
1 0.477808 0.863598 0.036865 0.032986
1 0.408208 0.843442 0.027842 0.034550
1 0.471343 0.917529 0.037256 0.038214
